P2
25 25
255
40 167 160 154 10 60 135 25 50 2 104 8 51 9 168 59 215 102 162 212 131 169 152 239 127 
69 106 128 160 165 123 200 78 28 227 215 216 234 241 11 237 217 19 160 98 59 219 58 34 253 
143 165 40 40 149 167 236 128 167 141 38 162 213 116 191 185 77 152 165 63 35 19 152 182 51 
251 113 142 181 147 140 69 184 52 236 206 91 217 79 130 103 117 38 189 234 101 119 56 125 156 
246 160 47 15 214 98 11 73 240 65 92 253 134 22 50 243 228 142 205 52 144 181 169 182 115 
20 28 106 203 153 135 194 186 182 210 17 26 93 217 138 158 55 136 165 204 187 153 177 201 230 
101 90 28 142 145 15 163 173 249 111 199 129 178 2 183 5 146 209 98 109 220 129 36 101 39 
240 160 64 34 233 166 135 69 67 149 86 209 57 4 203 41 75 204 219 204 133 224 96 214 194 
77 179 195 113 26 234 225 58 170 4 37 209 11 233 21 160 64 102 90 195 178 131 143 127 222 
92 132 63 60 92 2 137 143 198 250 169 49 220 100 92 96 137 46 107 115 194 140 51 168 230 
246 91 106 134 91 200 99 223 8 159 187 137 42 76 207 164 117 129 2 217 221 98 226 139 206 
213 205 91 9 118 193 128 82 171 134 173 116 233 13 124 138 201 133 52 149 86 88 11 215 90 
229 53 189 72 64 12 31 141 230 40 4 168 168 213 84 48 3 72 153 17 68 163 90 201 215 
239 159 49 250 119 11 96 44 200 41 108 84 72 249 59 112 126 99 153 211 183 73 215 127 226 
104 195 135 194 142 222 50 46 143 172 38 155 141 82 227 182 63 57 254 184 243 238 182 88 136 
11 143 81 226 16 53 202 211 60 13 98 154 63 145 43 235 55 70 121 9 169 175 199 226 174 
129 215 158 183 175 166 194 63 248 37 79 173 111 36 233 124 6 4 187 23 174 40 78 244 33 
88 159 209 32 2 128 33 89 158 89 9 197 155 200 190 65 24 235 176 187 85 46 194 89 105 
89 9 145 168 125 179 128 156 133 32 159 133 193 120 164 27 2 106 54 202 168 119 98 148 168 
31 233 86 97 67 191 186 203 82 226 74 133 99 230 138 4 6 143 197 127 52 96 129 30 150 
76 198 142 174 218 182 77 68 13 174 136 204 233 211 158 204 30 36 176 133 46 180 139 190 249 
11 242 90 140 145 112 88 215 126 135 179 53 212 247 193 4 0 15 237 212 173 58 114 82 234 
247 128 31 132 190 25 143 50 242 156 195 227 116 155 225 251 79 151 81 199 89 85 199 231 194 
156 150 124 143 104 104 135 104 7 12 40 160 156 90 19 184 30 118 45 57 89 169 137 112 250 
81 73 207 152 50 146 181 72 15 69 176 246 204 25 126 217 65 31 245 27 50 174 184 41 91 
